151651
16516516
1564948
49849816
19819156
919165189
19191
151651
16516516
1564948
49849816
19819156
919165189
19191
151651
16516516
1564948
49849816
19819156
919165189
19191
151651
16516516
1564948
49849816
19819156
919165189
19191
151651
16516516
1564948
49849816
19819156
919165189
19191
151651
16516516
1564948
49849816
19819156
919165189
19191
151651
16516516
1564948
49849816
19819156
919165189
19191
151651
16516516
1564948
49849816
19819156
919165189
19191
151651
16516516
1564948
49849816
19819156
919165189
19191
151651
16516516
1564948
49849816
19819156
919165189
19191
151651
16516516
1564948
49849816
19819156
919165189
19191
151651
16516516
1564948
49849816
19819156
919165189
19191
151651
16516516
1564948
49849816
19819156
919165189
19191
151651
16516516
1564948
49849816
19819156
919165189
19191
